data/converted_conll2003/train.txt
max_epoch = 50
best_val_epoch = 17
All = 0.930354258641
Only_NER = 0.713141025641