data/converted_conll2003/train.txt
max_epoch = 30
best_val_epoch = 15
All = 0.932227845375
Only_NER = 0.713880670611